function C=Ca_806_function(y,ydata)

alpha=y(1);
beta=y(2);
gamma=y(3);
v=y(4);
gra_ca = y(5);


t_step = 0.027119451849756;
z = [0;1;2;3;4;5;6;7;8;9;10;11;12;13;14;15;15.9900000000000;16.9800000000000;17.9700000000000;18.9600000000000;19.9500000000000;20.9400000000000;21.9300000000000;22.9300000000000;23.9300000000000;24.9200000000000;25.9100000000000;26.9100000000000;27.9100000000000;28.9100000000000;29.9100000000000;30.9100000000000;31.8900000000000;32.8700000000000;33.8500000000000;34.8300000000000;35.8200000000000;36.8100000000000;37.7900000000000;38.7800000000000;39.7600000000000;40.7500000000000;41.7400000000000;42.7200000000000;43.7100000000000;44.6900000000000;45.6800000000000;46.6700000000000;47.6500000000000;48.6200000000000;49.5900000000000;50.5600000000000;51.5300000000000;52.5000000000000;53.4700000000000;54.4400000000000;55.4200000000000;56.3900000000000;57.3600000000000;58.3300000000000;59.3000000000000;60.2700000000000;61.2400000000000;62.2100000000000;63.1800000000000;64.1500000000000;65.1200000000000;66.0800000000000;67.0400000000000;67.9999999999999;68.9599999999999;69.9199999999999;70.8799999999999;71.8399999999999;72.7999999999999;73.7599999999999;74.7199999999999;75.6799999999999;76.6399999999999;77.5999999999999;78.5599999999999;79.5199999999999;80.4799999999999;81.4399999999999;82.3999999999999;83.3599999999998;84.3099999999999;85.2599999999999;86.2099999999999;87.1599999999999;88.1099999999999;89.0599999999999;90.0099999999999;90.9599999999999;91.9099999999999;92.8599999999999;93.8099999999999;94.7599999999999;95.7099999999999;96.6599999999999;97.6099999999999;98.5599999999999;99.5099999999999;100.460000000000;101.410000000000;102.350000000000;103.290000000000;104.230000000000;105.170000000000;106.110000000000;107.050000000000;107.990000000000;108.930000000000;109.870000000000;110.810000000000;111.750000000000;112.690000000000;113.630000000000;114.570000000000;115.510000000000;116.450000000000;117.390000000000;118.330000000000;119.270000000000;120.210000000000;121.150000000000;122.080000000000;123.010000000000;123.940000000000;124.870000000000;125.800000000000;126.730000000000;127.660000000000;128.590000000000;129.520000000000;130.450000000000;131.380000000000;132.310000000000;133.240000000000;134.170000000000;135.100000000000;136.030000000000;136.960000000000;137.890000000000;138.820000000000;139.750000000000;140.680000000000;141.610000000000;142.530000000000;143.450000000000;144.370000000000;145.290000000000;146.220000000000;147.150000000000;148.070000000000;149.000000000000;149.930000000000;150.850000000000;151.780000000000;152.710000000000;153.630000000000;154.560000000000;155.480000000000;156.410000000000;157.340000000000;158.260000000000;159.190000000000;160.120000000000;161.040000000000;161.970000000000;162.900000000000;163.810000000000;164.720000000000;165.630000000000;166.540000000000;167.460000000000;168.370000000000;169.280000000000;170.190000000000;171.100000000000;172.010000000000;172.920000000000;173.830000000000;174.740000000000;175.650000000000;176.560000000000;177.470000000000;178.380000000000;179.290000000000;180.200000000000;181.110000000000;182.020000000000;182.930000000000;183.840000000000;184.750000000000;185.660000000000;186.560000000000;187.460000000000;188.360000000000;189.260000000000;190.160000000000;191.060000000000;191.960000000000;192.860000000000;193.760000000000;194.660000000000;195.560000000000;196.460000000000;197.360000000000;198.260000000000;199.160000000000;200.060000000000;200.960000000000;201.860000000000;202.760000000000;203.660000000000;204.560000000000;205.460000000000;206.360000000000;207.260000000000;208.160000000000;209.060000000000;209.950000000000;210.840000000000;211.730000000000;212.620000000000;213.510000000000;214.400000000000;215.290000000000;216.190000000000;217.090000000000;217.990000000000;218.880000000000;219.780000000000;220.680000000000;221.570000000000;222.470000000000;223.370000000000;224.260000000000;225.160000000000;226.060000000000;226.960000000000;227.850000000000;228.750000000000;229.650000000000;230.540000000000;231.440000000000;232.340000000000;233.240000000000;234.120000000000;235.000000000000;235.880000000000;236.760000000000;237.650000000000;238.530000000000;239.410000000000;240.290000000000;241.170000000000;242.050000000000;242.930000000000;243.810000000000;244.690000000000;245.570000000000;246.450000000000;247.330000000000;248.210000000000;249.090000000000;249.970000000000;250.850000000000;251.730000000000;252.610000000000;253.490000000000;254.370000000000;255.250000000000;256.130000000000;257.010000000000;257.890000000000;258.770000000000;259.640000000000;260.510000000000;261.380000000000;262.250000000000;263.120000000000;263.990000000000;264.860000000000;265.730000000000;266.600000000000;267.460000000000;268.330000000000;269.200000000000;270.070000000000;270.940000000000;271.810000000000;272.680000000000;273.550000000000;274.420000000000;275.290000000000;276.160000000000;277.030000000000;277.900000000000;278.770000000000;279.640000000000;280.510000000000;281.380000000000;282.250000000000;283.120000000000;283.990000000000;284.860000000000;285.730000000000;286.590000000000;287.450000000000;288.310000000000;289.170000000000;290.030000000000;290.890000000000;291.750000000000;292.610000000000;293.470000000000;294.330000000000;295.190000000000;296.050000000000;296.910000000000;297.770000000000;298.630000000000;299.490000000000;300.350000000000;301.210000000000;302.070000000000;302.930000000000;303.790000000000;304.650000000000;305.510000000000;306.370000000000;307.230000000000;308.090000000000;308.950000000000;309.810000000000;310.670000000000;311.530000000000;312.390000000000;313.250000000000;314.110000000000;314.960000000000;315.810000000000;316.660000000001;317.510000000001;318.360000000001;319.210000000001;320.060000000001;320.910000000001;321.760000000001;322.610000000001;323.460000000001;324.310000000001;325.160000000001;326.010000000001;326.860000000001;327.710000000001;328.560000000001;329.410000000001;330.260000000001;331.110000000001;331.960000000001;332.810000000001;333.660000000001;334.510000000001;335.360000000001;336.210000000001;337.060000000001;337.910000000001;338.760000000001;339.610000000001;340.460000000001;341.310000000001;342.160000000001;343.010000000001;343.860000000001;344.700000000001;345.540000000001;346.380000000001;347.220000000001;348.060000000001;348.900000000001;349.740000000001;350.580000000001;351.420000000001;352.260000000001;353.100000000001;353.940000000001;354.780000000001;355.620000000001;356.460000000001;357.300000000001;358.140000000001;358.980000000001;359.820000000001;360.660000000001;361.500000000001;362.340000000001;363.180000000001;364.020000000001;364.860000000001;365.700000000001;366.540000000001;367.380000000001;368.220000000001;369.060000000000;369.900000000000;370.740000000000;371.580000000000;372.420000000000;373.260000000000;374.100000000000;374.940000000000;375.780000000000;376.610000000000;377.440000000000;378.270000000000;379.100000000000;379.930000000000;380.760000000000;381.590000000000;382.420000000000;383.250000000000;384.080000000000;384.910000000000;385.740000000000;386.570000000000;387.400000000000;388.230000000000;389.060000000000;389.890000000000;390.720000000000;391.550000000000;392.380000000000;393.210000000000;394.040000000000;394.870000000000;395.700000000000;396.530000000000;397.360000000000;398.190000000000;399.020000000000;399.860000000000;400.690000000000;401.520000000000;402.350000000000;403.180000000000;404.010000000000;404.840000000000;405.670000000000;406.500000000000;407.330000000000;408.160000000000;408.990000000000;409.810000000000;410.630000000000;411.450000000000;412.270000000000;413.090000000000;413.910000000000;414.730000000000;415.550000000000;416.370000000000;417.190000000000;418.010000000000;418.830000000000;419.650000000000;420.470000000000;421.290000000000;422.110000000000;422.930000000000;423.750000000000;424.570000000000;425.390000000000;426.209999999999;