function C=Ca_807_function(y,ydata)

alpha=y(1);
beta=y(2);
gamma=y(3);
v=y(4);
gra_ca = y(5);

t_step = 0.032923143432439;
z = [0;1;2;3;4;5;6;7;8;9;10;11;12;13;13.9900000000000;14.9800000000000;15.9700000000000;16.9600000000000;17.9500000000000;18.9400000000000;19.9300000000000;20.9200000000000;21.9100000000000;22.9100000000000;23.9100000000000;24.9000000000000;25.8900000000000;26.8800000000000;27.8600000000000;28.8400000000000;29.8200000000000;30.8000000000000;31.7800000000000;32.7600000000000;33.7400000000000;34.7200000000000;35.7100000000000;36.6900000000000;37.6800000000000;38.6700000000000;39.6500000000000;40.6400000000000;41.6200000000000;42.6000000000000;43.5700000000000;44.5400000000000;45.5100000000000;46.4800000000000;47.4500000000000;48.4200000000000;49.3900000000000;50.3600000000000;51.3300000000000;52.3000000000000;53.2700000000000;54.2400000000000;55.2100000000000;56.1800000000000;57.1400000000000;58.1000000000000;59.0600000000000;60.0200000000000;60.9800000000000;61.9400000000000;62.9000000000000;63.8600000000000;64.8100000000000;65.7700000000000;66.7400000000000;67.7100000000000;68.6600000000000;69.6300000000000;70.6000000000000;71.5500000000000;72.5000000000000;73.4500000000000;74.4000000000000;75.3500000000000;76.3000000000000;77.2500000000000;78.2000000000000;79.1500000000000;80.1000000000000;81.0500000000000;82;82.9500000000000;83.9000000000000;84.8500000000000;85.8000000000000;86.7500000000000;87.7000000000000;88.6400000000000;89.5800000000000;90.5200000000000;91.4600000000000;92.4000000000000;93.3400000000000;94.2800000000000;95.2200000000000;96.1600000000000;97.1000000000000;98.0400000000000;98.9800000000000;99.9200000000000;100.860000000000;101.800000000000;102.740000000000;103.680000000000;104.620000000000;105.550000000000;106.480000000000;107.410000000000;108.340000000000;109.270000000000;110.200000000000;111.130000000000;112.060000000000;112.990000000000;113.920000000000;114.850000000000;115.780000000000;116.710000000000;117.640000000000;118.570000000000;119.500000000000;120.430000000000;121.360000000000;122.290000000000;123.210000000000;124.130000000000;125.050000000000;125.970000000000;126.890000000000;127.810000000000;128.730000000000;129.650000000000;130.570000000000;131.490000000000;132.410000000000;133.330000000000;134.250000000000;135.170000000000;136.090000000000;137.010000000000;137.930000000000;138.850000000000;139.770000000000;140.690000000000;141.600000000000;142.510000000000;143.430000000000;144.340000000000;145.250000000000;146.160000000000;147.070000000000;147.980000000000;148.890000000000;149.800000000000;150.710000000000;151.620000000000;152.530000000000;153.440000000000;154.350000000000;155.260000000000;156.170000000000;157.080000000000;157.990000000000;158.900000000000;159.810000000000;160.710000000000;161.610000000000;162.510000000000;163.410000000000;164.310000000000;165.210000000000;166.110000000000;167.010000000000;167.910000000000;168.810000000000;169.710000000000;170.610000000000;171.510000000000;172.410000000000;173.310000000000;174.210000000000;175.110000000000;176.010000000000;176.910000000000;177.810000000000;178.710000000000;179.610000000000;180.500000000000;181.390000000000;182.280000000000;183.180000000000;184.070000000000;184.970000000000;185.870000000000;186.760000000000;187.660000000000;188.560000000000;189.460000000000;190.350000000000;191.250000000000;192.140000000000;193.030000000000;193.930000000000;194.820000000000;195.720000000000;196.620000000000;197.510000000000;198.410000000000;199.310000000000;200.210000000000;201.090000000000;201.970000000000;202.850000000000;203.740000000000;204.620000000000;205.500000000000;206.380000000000;207.260000000000;208.140000000000;209.020000000000;209.900000000000;210.780000000000;211.660000000000;212.540000000000;213.420000000000;214.300000000000;215.180000000000;216.060000000000;216.940000000000;217.820000000000;218.700000000000;219.580000000000;220.460000000000;221.340000000000;222.220000000000;223.090000000000;223.960000000000;224.830000000000;225.700000000000;226.570000000000;227.440000000000;228.310000000000;229.180000000000;230.050000000000;230.920000000000;231.790000000000;232.660000000000;233.530000000000;234.400000000000;235.270000000000;236.140000000000;237.010000000000;237.880000000000;238.750000000000;239.620000000000;240.490000000000;241.350000000000;242.220000000000;243.090000000000;243.960000000000;244.830000000000;245.700000000000;246.560000000000;247.420000000000;248.280000000000;249.140000000000;250;250.860000000000;251.720000000000;252.580000000000;253.440000000000;254.300000000000;255.160000000000;256.020000000000;256.880000000000;257.740000000000;258.600000000000;259.460000000000;260.320000000000;261.180000000000;262.040000000000;262.900000000000;263.760000000000;264.620000000000;265.480000000000;266.340000000000;267.200000000000;268.060000000000;268.920000000000;269.780000000000;270.630000000000;271.480000000000;272.330000000000;273.180000000000;274.030000000000;274.880000000000;275.730000000001;276.580000000001;277.430000000001;278.280000000001;279.130000000001;279.980000000001;280.830000000001;281.680000000001;282.530000000001;283.380000000001;284.230000000001;285.080000000001;285.930000000001;286.780000000001;287.630000000001;288.480000000001;289.330000000001;290.180000000001;291.030000000001;291.880000000001;292.730000000001;293.580000000001;294.430000000001;295.280000000001;296.120000000001;296.960000000001;297.800000000001;298.640000000001;299.480000000001;300.320000000001;301.160000000001;302.000000000001;302.840000000001;303.680000000001;304.520000000001;305.360000000001;306.200000000001;307.040000000001;307.880000000001;308.720000000001;309.560000000001;310.400000000001;311.240000000001;312.080000000001;312.920000000000;313.760000000000;314.600000000000;315.440000000000;316.280000000000;317.120000000000;317.960000000000;318.800000000000;319.640000000000;320.480000000000;321.320000000000;322.160000000000;323.000000000000;323.830000000000;324.660000000000;325.490000000000;326.320000000000;327.150000000000;327.980000000000;328.810000000000;329.640000000000;330.470000000000;331.300000000000;332.130000000000;332.960000000000;333.790000000000;334.620000000000;335.450000000000;336.280000000000;337.110000000000;337.940000000000;338.770000000000;339.610000000000;340.440000000000;341.270000000000;342.100000000000;342.930000000000;343.760000000000;344.590000000000;345.420000000000;346.250000000000;347.080000000000;347.910000000000;348.740000000000;349.570000000000;350.400000000000;351.230000000000;352.050000000000;352.870000000000;353.690000000000;354.510000000000;355.330000000000;356.150000000000;356.970000000000;357.790000000000;358.610000000000;359.430000000000;360.250000000000;361.070000000000;361.890000000000;362.710000000000;363.530000000000;364.350000000000;365.170000000000;365.990000000000;366.810000000000;367.630000000000;368.450000000000;369.269999999999;370.089999999999;370.909999999999;371.729999999999;372.549999999999;373.369999999999;374.189999999999;375.009999999999;375.829999999999;376.649999999999;377.469999999999;378.289999999999;379.109999999999;379.929999999999;380.749999999999;381.569999999999;382.379999999999;383.189999999999;383.999999999999;384.809999999999;385.619999999999;386.429999999999;387.239999999999;388.049999999999;388.859999999999;389.669999999999;390.479999999999;391.289999999999;392.099999999999;392.909999999999;393.719999999999;394.529999999999;395.339999999999;396.149999999999;396.959999999999;397.769999999999;398.579999999999;399.389999999999;400.199999999999;401.009999999999;401.819999999999;402.629999999999;403.439999999999;404.249999999999;405.059999999999;405.869999999999;406.679999999999;407.489999999999;408.299999999999;409.109999999999;409.919999999999;410.729999999999;411.539999999999;412.349999999999;413.159999999999;413.969999999999;414.769999999999;415.570000000000;416.370000000000;417.170000000000;417.970000000000;418.770000000000;419.570000000000;420.370000000000;