function C = sulfate_function_805(x,xdata)


G0 = x(1);  
k_su=x(2);
v=x(3);
Ks = x(4);
gra_su=x(5);


L = 0.5;
z_step = [0;1;1;1;1;1;1;1;1;1;0.990000000000000;0.990000000000000;0.990000000000000;0.990000000000000;0.990000000000000;0.990000000000000;0.990000000000000;0.990000000000000;0.990000000000000;0.980000000000000;0.980000000000000;0.980000000000000;0.980000000000000;0.980000000000000;0.980000000000000;0.980000000000000;0.980000000000000;0.980000000000000;0.970000000000000;0.970000000000000;0.970000000000000;0.970000000000000;0.970000000000000;0.970000000000000;0.970000000000000;0.970000000000000;0.970000000000000;0.970000000000000;0.960000000000000;0.960000000000000;0.960000000000000;0.960000000000000;0.960000000000000;0.960000000000000;0.960000000000000;0.960000000000000;0.960000000000000;0.960000000000000;0.950000000000000;0.950000000000000;0.950000000000000;0.950000000000000;0.950000000000000;0.950000000000000;0.950000000000000;0.950000000000000;0.950000000000000;0.950000000000000;0.950000000000000;0.940000000000000;0.940000000000000;0.940000000000000;0.940000000000000;0.940000000000000;0.940000000000000;0.940000000000000;0.940000000000000;0.940000000000000;0.940000000000000;0.940000000000000;0.940000000000000;0.930000000000000;0.930000000000000;0.930000000000000;0.930000000000000;0.930000000000000;0.930000000000000;0.930000000000000;0.930000000000000;0.930000000000000;0.930000000000000;0.930000000000000;0.930000000000000;0.920000000000000;0.920000000000000;0.920000000000000;0.920000000000000;0.920000000000000;0.920000000000000;0.920000000000000;0.920000000000000;0.920000000000000;0.920000000000000;0.920000000000000;0.920000000000000;0.920000000000000;0.910000000000000;0.910000000000000;0.910000000000000;0.910000000000000;0.910000000000000;0.910000000000000;0.910000000000000;0.910000000000000;0.910000000000000;0.910000000000000;0.910000000000000;0.910000000000000;0.910000000000000;0.900000000000000;0.900000000000000;0.900000000000000;0.900000000000000;0.900000000000000;0.900000000000000;0.900000000000000;0.900000000000000;0.900000000000000;0.900000000000000;0.900000000000000;0.900000000000000;0.900000000000000;0.900000000000000;0.900000000000000;0.890000000000000;0.890000000000000;0.890000000000000;0.890000000000000;0.890000000000000;0.890000000000000;0.890000000000000;0.890000000000000;0.890000000000000;0.890000000000000;0.890000000000000;0.890000000000000;0.890000000000000;0.890000000000000;0.890000000000000;0.880000000000000;0.880000000000000;0.880000000000000;0.880000000000000;0.880000000000000;0.880000000000000;0.880000000000000;0.880000000000000;0.880000000000000;0.880000000000000;0.880000000000000;0.880000000000000;0.880000000000000;0.880000000000000;0.880000000000000;0.880000000000000;0.870000000000000;0.870000000000000;0.870000000000000;0.870000000000000;0.870000000000000;0.870000000000000;0.870000000000000;0.870000000000000;0.870000000000000;0.870000000000000;0.870000000000000;0.870000000000000;0.870000000000000;0.870000000000000;0.870000000000000;0.870000000000000;0.870000000000000;0.860000000000000;0.860000000000000;0.860000000000000;0.860000000000000;0.860000000000000;0.860000000000000;0.860000000000000;0.860000000000000;0.860000000000000;0.860000000000000;0.860000000000000;0.860000000000000;0.860000000000000;0.860000000000000;0.860000000000000;0.860000000000000;0.860000000000000;0.860000000000000;0.850000000000000;0.850000000000000;0.850000000000000;0.850000000000000;0.850000000000000;0.850000000000000;0.850000000000000;0.850000000000000;0.850000000000000;0.850000000000000;0.850000000000000;0.850000000000000;0.850000000000000;0.850000000000000;0.850000000000000;0.850000000000000;0.850000000000000;0.850000000000000;0.850000000000000;0.850000000000000;0.840000000000000;0.840000000000000;0.840000000000000;0.840000000000000;0.840000000000000;0.840000000000000;0.840000000000000;0.840000000000000;0.840000000000000;0.840000000000000;0.840000000000000;0.840000000000000;0.840000000000000;0.840000000000000;0.840000000000000;0.840000000000000;0.840000000000000;0.840000000000000;0.840000000000000;0.840000000000000;0.830000000000000;0.830000000000000;0.830000000000000;0.830000000000000;0.830000000000000;0.830000000000000;0.830000000000000;0.830000000000000;0.830000000000000;0.830000000000000;0.830000000000000;0.830000000000000;0.830000000000000;0.830000000000000;0.830000000000000;0.830000000000000;0.830000000000000;0.830000000000000;0.830000000000000;0.830000000000000;0.830000000000000;0.830000000000000;0.820000000000000;0.820000000000000;0.820000000000000;0.820000000000000;0.820000000000000;0.820000000000000;0.820000000000000;0.820000000000000;0.820000000000000;0.820000000000000;0.820000000000000;0.820000000000000;0.820000000000000;0.820000000000000;0.820000000000000;0.820000000000000;0.820000000000000;0.820000000000000;0.820000000000000;0.820000000000000;0.820000000000000;0.820000000000000;0.820000000000000;0.820000000000000;0.810000000000000;0.810000000000000;0.810000000000000;0.810000000000000;0.810000000000000;0.810000000000000;0.810000000000000;0.810000000000000;0.810000000000000;0.810000000000000;0.810000000000000;0.810000000000000;0.810000000000000;0.810000000000000;0.810000000000000;0.810000000000000;0.810000000000000;0.810000000000000;0.810000000000000;0.810000000000000;0.810000000000000;0.810000000000000;0.810000000000000;0.810000000000000;0.810000000000000;0.800000000000000;0.800000000000000;0.800000000000000;0.800000000000000;0.800000000000000;0.800000000000000;0.800000000000000;0.800000000000000;0.800000000000000;0.800000000000000;0.800000000000000;0.800000000000000;0.800000000000000;0.800000000000000;0.800000000000000;0.800000000000000;0.800000000000000;0.800000000000000;0.800000000000000;0.800000000000000;0.800000000000000;0.800000000000000;0.800000000000000;0.800000000000000;0.800000000000000;0.800000000000000;0.800000000000000;0.790000000000000;0.790000000000000;0.790000000000000;0.790000000000000;0.790000000000000;0.790000000000000;0.790000000000000;0.790000000000000;0.790000000000000;0.790000000000000;0.790000000000000;0.790000000000000;0.790000000000000;0.790000000000000;0.790000000000000;0.790000000000000;0.790000000000000;0.790000000000000;0.790000000000000;0.790000000000000;0.790000000000000;0.790000000000000;0.790000000000000;0.790000000000000;0.790000000000000;0.790000000000000;0.790000000000000;0.790000000000000;0.790000000000000;0.790000000000000;0.780000000000000;0.780000000000000;0.780000000000000;0.780000000000000;0.780000000000000;0.780000000000000;0.780000000000000;0.780000000000000;0.780000000000000;0.780000000000000;0.780000000000000;0.780000000000000;0.780000000000000;0.780000000000000;0.780000000000000;0.780000000000000;0.780000000000000;0.780000000000000;0.780000000000000;0.780000000000000;0.780000000000000;0.780000000000000;0.780000000000000;0.780000000000000;0.780000000000000;0.780000000000000;0.780000000000000;0.780000000000000;0.780000000000000;0.780000000000000;0.780000000000000;0.770000000000000;0.770000000000000;0.770000000000000;0.770000000000000;0.770000000000000;0.770000000000000;0.770000000000000;0.770000000000000;0.770000000000000;0.770000000000000;0.770000000000000;0.770000000000000;0.770000000000000;0.770000000000000;0.770000000000000;0.770000000000000;0.770000000000000;0.770000000000000;0.770000000000000;0.770000000000000;0.770000000000000;0.770000000000000;0.770000000000000;0.770000000000000;0.770000000000000;0.770000000000000;0.770000000000000;0.770000000000000;0.770000000000000;0.770000000000000;0.770000000000000;0.770000000000000;0.770000000000000;0.770000000000000;0.760000000000000;0.760000000000000;0.760000000000000;0.760000000000000;0.760000000000000;0.760000000000000;0.760000000000000;0.760000000000000;0.770000000000000;0.760000000000000;0.760000000000000;0.760000000000000;0.760000000000000;0.760000000000000;0.760000000000000;0.760000000000000;0.760000000000000;0.760000000000000;0.760000000000000;0.760000000000000;0.760000000000000;0.760000000000000;